Errors: 41 out of 130 (32%)
Target: I
Result: C
0 0 0 1 1 1 1 1 0 
0 0 0 0 0 1 0 0 0 
0 0 0 0 0 1 0 0 0 
0 0 0 0 0 1 0 0 0 
0 0 0 1 1 1 1 1 0 

Target: I
Result: C
0 0 1 1 1 1 1 1 1 
0 0 0 0 0 1 0 0 0 
0 0 0 0 0 1 0 0 0 
0 0 0 0 0 1 0 0 0 
0 0 1 1 1 1 1 1 1 

Target: O
Result: C
0 0 1 1 1 0 0 0 0 
0 1 0 0 0 1 0 0 0 
0 1 0 0 0 1 0 0 0 
0 1 0 0 0 1 0 0 0 
0 0 1 1 1 0 0 0 0 

Target: O
Result: C
0 0 1 1 1 1 1 0 0 
0 0 1 0 0 0 1 0 0 
0 0 1 0 0 0 1 0 0 
0 0 1 0 0 0 1 0 0 
0 0 1 1 1 1 1 0 0 

Target: U
Result: C
0 0 1 0 0 0 0 0 1 
0 0 1 0 0 0 0 0 1 
0 0 1 0 0 0 0 0 1 
0 0 1 0 0 0 0 0 1 
0 0 0 1 1 1 1 1 0 

Target: U
Result: C
0 1 0 0 0 1 0 0 0 
0 1 0 0 0 1 0 0 0 
0 1 0 0 0 1 0 0 0 
0 1 0 0 0 1 0 0 0 
0 0 1 1 1 0 0 0 0 

Target: U
Result: C
0 0 0 1 0 0 0 1 0 
0 0 0 1 0 0 0 1 0 
0 0 0 1 0 0 0 1 0 
0 0 0 1 0 0 0 1 0 
0 0 0 0 1 1 1 0 0 

Target: C
Result: E
0 0 0 0 1 1 1 0 0 
0 0 0 1 0 0 0 0 0 
0 0 0 1 0 0 0 0 0 
0 0 0 1 0 0 0 0 0 
0 0 0 0 1 1 1 0 0 

Target: C
Result: O
0 0 0 1 1 1 1 0 0 
0 0 0 1 0 0 0 1 0 
0 0 0 1 0 0 0 1 0 
0 0 0 1 0 0 0 1 0 
0 0 0 1 1 1 1 0 0 

Target: C
Result: O
0 1 1 1 1 1 0 0 0 
0 1 0 0 0 0 1 0 0 
0 1 0 0 0 0 1 0 0 
0 1 0 0 0 0 1 0 0 
0 1 1 1 1 1 0 0 0 

Target: C
Result: O
0 1 1 1 1 1 0 0 0 
0 1 0 0 0 0 1 0 0 
0 1 0 0 0 0 1 1 0 
0 1 0 0 0 0 1 0 0 
0 1 1 1 1 1 0 0 0 

Target: C
Result: O
0 0 1 1 1 1 1 0 0 
0 1 0 0 0 0 0 0 0 
0 1 0 0 0 1 1 1 0 
0 1 0 0 0 0 1 0 0 
0 0 1 1 1 1 1 0 0 

Target: C
Result: O
0 0 1 1 1 1 1 0 0 
0 1 0 0 0 0 0 0 0 
0 1 0 0 0 1 1 1 0 
0 1 0 0 0 0 1 0 0 
0 0 1 1 1 1 0 0 0 

Target: C
Result: A
0 1 0 0 0 1 0 0 0 
0 1 0 0 0 1 0 0 0 
0 1 1 1 1 1 0 0 0 
0 1 0 0 0 1 0 0 0 
0 1 0 0 0 1 0 0 0 

Target: C
Result: A
0 0 0 1 0 0 0 1 0 
0 0 0 1 0 0 0 1 0 
0 0 0 1 1 1 1 1 0 
0 0 0 1 0 0 0 1 0 
0 0 0 1 0 0 0 1 0 

Target: C
Result: A
0 1 0 0 0 0 0 1 0 
0 1 0 0 0 0 0 1 0 
0 1 1 1 1 1 1 1 0 
0 1 0 0 0 0 0 1 0 
0 1 0 0 0 0 0 1 0 

Target: C
Result: A
1 1 0 0 0 0 0 1 1 
1 1 0 0 0 0 0 1 1 
1 1 1 1 1 1 1 1 1 
1 1 0 0 0 0 0 1 1 
1 1 0 0 0 0 0 1 1 

Target: C
Result: E
0 1 0 0 0 0 1 0 0 
0 1 0 0 0 1 0 0 0 
0 1 1 1 1 0 0 0 0 
0 1 0 0 0 1 0 0 0 
0 1 0 0 0 0 1 0 0 

Target: C
Result: U
0 1 0 0 0 0 0 0 0 
0 1 0 0 0 0 0 0 0 
0 1 0 0 0 0 0 0 0 
0 1 0 0 0 0 0 0 0 
0 1 1 1 1 1 0 0 0 

Target: C
Result: E
0 0 0 1 0 0 0 0 0 
0 0 0 1 0 0 0 0 0 
0 0 0 1 0 0 0 0 0 
0 0 0 1 0 0 0 0 0 
0 0 0 1 1 1 1 1 0 

Target: C
Result: U
0 1 0 0 0 0 0 0 0 
0 1 0 0 0 0 0 0 0 
0 1 0 0 0 0 0 0 0 
0 1 0 0 0 0 0 0 0 
0 1 1 1 1 1 1 1 0 

Target: C
Result: A
0 0 0 1 0 0 0 1 0 
0 0 0 1 1 0 1 1 0 
0 0 0 1 0 1 0 1 0 
0 0 0 1 0 0 0 1 0 
0 0 0 1 0 0 0 1 0 

Target: C
Result: A
0 1 0 0 0 1 0 0 0 
0 1 1 0 1 1 0 0 0 
0 1 0 1 0 1 0 0 0 
0 1 0 0 0 1 0 0 0 
0 1 0 0 0 1 0 0 0 

Target: C
Result: A
0 0 1 0 0 0 1 0 0 
0 1 0 1 0 1 0 1 0 
0 1 0 0 1 0 0 1 0 
0 1 0 0 0 0 0 1 0 
0 1 0 0 0 0 0 1 0 

Target: C
Result: A
0 1 0 0 0 0 0 1 0 
0 1 1 1 0 1 1 1 0 
0 1 0 0 1 0 0 1 0 
0 1 0 0 0 0 0 1 0 
0 1 0 0 0 0 0 1 0 

Target: C
Result: A
0 0 0 1 0 0 0 1 0 
0 0 0 1 1 0 0 1 0 
0 0 0 1 0 1 0 1 0 
0 0 0 1 0 0 1 1 0 
0 0 0 1 0 0 0 1 0 

Target: C
Result: A
0 1 0 0 0 0 0 1 0 
0 1 1 1 0 0 0 1 0 
0 1 0 0 1 0 0 1 0 
0 1 0 0 0 1 1 1 0 
0 1 0 0 0 0 0 1 0 

Target: C
Result: O
0 0 0 0 1 1 1 0 0 
0 0 0 1 0 0 0 1 0 
0 0 0 1 0 0 0 1 0 
0 0 0 1 0 0 1 1 0 
0 0 0 0 1 1 1 1 0 

Target: C
Result: O
0 0 1 1 1 1 1 0 0 
0 1 0 0 0 0 0 1 0 
0 1 0 0 0 1 0 1 0 
0 1 0 0 0 0 1 1 0 
0 0 1 1 1 1 1 1 0 

Target: C
Result: O
0 0 1 1 1 1 1 0 0 
0 1 0 0 0 0 0 1 0 
0 1 0 0 0 1 0 1 0 
0 1 0 0 0 0 1 1 0 
0 0 1 1 1 1 1 1 1 

Target: C
Result: E
0 0 1 1 1 1 1 0 0 
0 1 0 0 0 0 0 0 0 
0 0 1 1 1 1 0 0 0 
0 0 0 0 0 0 1 0 0 
0 1 1 1 1 1 0 0 0 

Target: C
Result: E
0 0 1 1 1 1 1 1 0 
0 1 0 0 0 0 0 0 0 
0 0 1 1 1 1 1 0 0 
0 0 0 0 0 0 0 1 0 
0 1 1 1 1 1 1 0 0 

Target: C
Result: U
1 0 0 0 0 0 1 0 0 
1 0 0 0 0 0 1 0 0 
1 0 0 1 0 0 1 0 0 
0 1 0 1 0 1 0 0 0 
0 0 1 0 1 0 0 0 0 

Target: C
Result: U
0 1 0 0 0 0 0 1 0 
0 1 0 0 0 0 0 1 0 
0 1 0 0 1 0 0 1 0 
0 1 0 0 1 0 0 1 0 
0 1 1 1 0 1 1 1 0 

Target: C
Result: I
0 1 0 0 0 1 0 0 0 
0 0 1 0 1 0 0 0 0 
0 0 0 1 0 0 0 0 0 
0 0 1 0 1 0 0 0 0 
0 1 0 0 0 1 0 0 0 

Target: C
Result: A
0 1 0 0 0 0 0 1 0 
0 0 1 0 0 0 1 0 0 
0 0 0 1 1 1 0 0 0 
0 0 1 0 0 0 1 0 0 
0 1 0 0 0 0 0 1 0 

Target: C
Result: A
1 1 0 0 0 0 0 1 1 
0 0 1 0 0 0 1 0 0 
0 0 0 1 1 1 0 0 0 
0 0 1 0 0 0 1 0 0 
1 1 0 0 0 0 0 1 1 

Target: C
Result: I
0 1 0 0 0 1 0 0 0 
0 0 1 0 1 0 0 0 0 
0 0 0 1 0 0 0 0 0 
0 0 0 1 0 0 0 0 0 
0 0 0 1 0 0 0 0 0 

Target: C
Result: I
0 1 1 1 1 1 0 0 0 
0 0 0 0 1 0 0 0 0 
0 0 0 1 0 0 0 0 0 
0 0 1 0 0 0 0 0 0 
0 1 1 1 1 1 0 0 0 

Target: C
Result: O
0 0 0 1 1 1 1 1 0 
0 0 0 0 0 0 1 0 0 
0 0 0 0 0 1 0 0 0 
0 0 0 0 1 0 0 0 0 
0 0 0 1 1 1 1 1 0 

Target: C
Result: E
0 1 1 1 1 1 1 1 0 
0 0 0 0 0 0 1 0 0 
0 0 0 1 1 1 0 0 0 
0 0 1 0 0 0 0 0 0 
0 1 1 1 1 1 1 1 0 

